1 589
5 584
9 583
10 591
13 587
15 592
25 605
31 586
37 596
39 593
44 602
45 600
52 604
53 606
57 609
60 590
62 608
70 612
72 614
78 585
81 616
84 599
89 597
94 610
102 624
103 628
104 687
110 621
113 588
114 695
117 692
119 688
120 626
122 691
125 619
127 690
132 567
139 601
141 629
144 611
145 689
150 693
153 631
157 594
166 636
167 637
169 638
171 603
173 639
179 640
181 634
184 607
186 622
188 623
190 642
193 620
196 643
197 648
198 625
199 633
207 613
208 615
209 627
213 645
215 635
222 632
227 641
229 595
230 644
231 646
232 647
235 650
236 651
239 655
243 653
247 652
265 617
267 649
278 630
284 598
286 618
288 654
320 657
321 656
322 658
325 694
1002 660
1007 661
1009 663
1010 664
1012 659
1013 665
1018 669
1019 668
1021 670
1022 671
1025 673
1028 674
1029 682
1035 675
1037 676
1041 679
1042 677
1045 683
1046 666
1047 680
1048 681
1050 672
1051 662
1057 667
1058 684
1059 685
1064 686
1067 678
1355 569
1360 570
1367 568
1370 573
1392 576
1395 571
1397 577
1398 574
1403 575
1419 580
1420 579
1421 578
1430 572
1447 581
1450 582
1669 1
1672 5
1673 3
1674 4
1675 7
1676 6
1685 8
1689 9
1693 10
1694 15
1696 13
1702 12
1703 14
1711 39
1714 16
1715 17
1716 18
1718 20
1720 21
1721 22
1724 19
1726 23
1728 24
1730 116
1732 2
1734 47
1735 26
1740 28
1741 29
1742 30
1745 31
1746 32
1756 76
1758 25
1761 36
1762 387
1763 37
1765 38
1768 46
1769 41
1771 43
1773 45
1774 40
1775 59
1779 48
1780 49
1783 135
1784 50
1787 52
1789 57
1790 85
1796 61
1797 58
1798 66
1799 67
1806 62
1807 63
1809 68
1811 78
1813 69
1815 70
1817 71
1819 72
1820 73
1825 75
1829 79
1830 80
1831 81
1833 119
1835 168
1838 151
1841 55
1853 138
1858 170
1860 33
1863 225
1864 84
1870 83
1871 94
1872 11
1873 64
1874 186
1876 77
1877 60
1884 65
1886 87
1887 86
1889 89
1891 88
1894 90
1895 91
1896 203
1897 56
1900 93
1905 95
1918 97
1922 98
1928 99
1941 101
1942 146
1943 104
1947 106
1948 102
1949 103
1952 105
1963 107
1965 108
1976 110
1977 111
1986 112
1987 114
1990 115
1991 113
1992 141
2003 120
2006 118
2007 121
2008 122
2009 123
2013 257
2017 124
2018 44
2022 125
2025 126
2026 127
2028 82
2029 117
2030 132
2031 128
2033 130
2034 131
2036 133
2038 134
2042 136
2044 137
2045 139
2046 140
2048 142
2049 144
2053 147
2055 149
2056 143
2062 148
2064 208
2067 159
2068 328
2069 152
2070 34
2071 150
2076 153
2083 154
2084 158
2094 161
2096 163
2098 503
2099 165
2103 162
2104 265
2106 166
2107 167
2109 92
2112 96
2113 183
2118 169
2119 173
2126 175
2128 185
2129 174
2130 176
2131 177
2135 181
2137 180
2138 182
2139 35
2141 184
2142 252
2143 187
2145 188
2146 189
2150 190
2153 193
2154 191
2156 192
2157 194
2159 195
2160 109
2163 410
2164 196
2165 157
2166 172
2168 197
2170 349
2172 198
2175 201
2176 199
2177 200
2179 202
2187 206
2188 207
2191 223
2194 210
2201 231
2205 382
2209 220
2210 218
2212 239
2217 221
2222 253
2225 216
2230 244
2239 247
2241 227
2246 242
2248 54
2253 338
2254 235
2258 213
2264 229
2269 230
2276 211
2292 212
2293 215
2303 226
2304 228
2307 224
2314 232
2316 234
2322 209
2323 241
2324 240
2327 243
2328 246
2330 245
2333 248
2334 249
2335 250
2339 274
2349 271
2352 315
2353 261
2355 264
2356 179
2359 340
2372 268
2377 233
2379 260
2383 254
2385 255
2390 256
2395 262
2397 263
2404 258
2410 269
2412 267
2413 171
2414 273
2415 270
2417 272
2418 275
2422 27
2443 277
2445 283
2455 278
2460 290
2467 279
2472 280
2482 281
2483 287
2491 276
2492 282
2494 284
2496 286
2497 285
2507 289
2517 291
2521 292
2528 293
2531 295
2532 313
2533 296
2534 297
2537 298
2538 434
2540 300
2542 302
2544 301
2545 304
2550 305
2554 306
2557 307
2558 308
2559 309
2563 334
2566 164
2567 311
2570 312
2573 310
2575 324
2576 314
2578 178
2581 321
2584 316
2589 317
2592 303
2594 318
2599 320
2605 322
2607 323
2611 433
2620 327
2625 329
2627 330
2631 331
2632 332
2634 326
2639 335
2640 337
2643 336
2647 333
2649 339
2652 343
2656 375
2657 342
2659 346
2660 204
2661 294
2662 319
2665 344
2667 259
2669 345
2675 347
2678 251
2679 350
2680 361
2681 395
2683 156
2691 353
2692 354
2699 351
2702 352
2704 355
2707 356
2708 237
2711 357
2712 358
2713 359
2718 362
2719 363
2720 364
2721 376
2722 365
2723 367
2724 368
2725 366
2730 145
2735 370
2736 371
2739 372
2740 539
2745 373
2746 416
2752 325
2760 379
2761 381
2763 383
2765 385
2766 386
2768 222
2771 266
2772 341
2773 374
2775 447
2776 384
2784 100
2786 389
2788 377
2789 390
2793 391
2801 394
2802 396
2803 402
2806 398
2807 400
2808 236
2809 397
2810 409
2812 401
2813 403
2814 406
2816 404
2817 405
2818 408
2819 407
2822 418
2824 412
2825 413
2826 417
2827 415
2832 414
2834 369
2839 438
2840 419
2846 360
2848 517
2849 420
2851 423
2852 160
2853 380
2855 422
2856 424
2859 421
2863 425
2866 426
2868 465
2869 427
2870 428
2871 429
2875 431
2877 432
2879 238
2880 439
2881 435
2884 440
2886 392
2887 444
2888 441
2893 443
2894 442
2895 445
2897 399
2899 348
2901 436
2904 446
2905 452
2908 448
2909 449
2911 450
2913 453
2914 454
2915 460
2916 455
2917 457
2918 456
2919 458
2926 459
2928 549
2932 461
2933 485
2937 462
2939 463
2940 464
2942 0
2943 155
2945 476
2946 495
2948 393
2949 74
2953 466
2956 51
2957 388
2958 53
2969 129
2974 467
2987 468
2996 469
3004 470
3011 472
3030 473
3038 474
3043 471
3046 475
3048 481
3060 437
3066 477
3067 219
3071 480
3073 288
3075 478
3077 482
3079 484
3080 483
3083 486
3086 299
3087 494
3091 487
3093 489
3095 490
3096 451
3098 491
3099 492
3101 493
3103 430
3105 500
3106 496
3112 545
3115 497
3116 498
3118 214
3119 205
3121 502
3122 499
3128 544
3131 501
3133 504
3136 505
3137 506
3138 507
3141 509
3147 378
3153 411
3155 513
3156 512
3157 515
3158 514
3159 516
3163 488
3164 42
3165 518
3167 519
3168 523
3171 520
3174 521
3177 522
3178 524
3180 525
3183 510
3184 526
3186 527
3187 508
3190 528
3191 217
3193 530
3194 529
3195 532
3196 531
3198 534
3200 533
3203 535
3204 536
3205 541
3206 479
3208 537
3210 538
3214 540
3215 511
3217 542
3229 548
3234 543
3247 546
3250 550
3252 547
3255 551
3256 552
3258 553
3259 554
3261 555
3262 556
3263 557
3264 558
3266 559
3271 560
3274 561
3277 562
3280 563
3281 565
3283 564
3284 566
