m	606	352	0	0	0	1	60s	100	33002
m	688	765	0	0	0	7	60s	100	33005	
m	342	546	0	0	0	1	60s	100	33008
m	643	879	0	0	0	7	60s	100	33011	
m	543	756	0	0	0	1	60s	100	33112
m	761	364	0	0	0	7	60s	100	33034	
m	142	421	0	0	0	1	60s	100	33068
m	463	113	0	0	0	7	60s	100	33055	
m	556	453	0	0	0	1	60s	100	33064
m	745	765	0	0	0	7	60s	100	33003	
m	364	464	0	0	0	1	60s	100	33026
m	554	132	0	0	0	7	60s	100	33115	
m	756	567	0	0	0	1	60s	100	33045
m	987	645	0	0	0	7	60s	100	33087	
m	656	324	0	0	0	1	60s	100	33098
m	245	118	0	0	0	7	60s	100	33754	
